Document Stats: 
Total Number of words = 2765300
1		480		148812		9986
2		581		110358		10174
3		572		90767		8263
4		587		99146		7982
5		575		86190		7601
6		592		152846		10003
7		582		61094		8144
8		592		114102		9337
9		596		102631		9334
10		594		107898		7924
11		598		141267		9588
12		594		200456		11572
13		591		103173		9042
14		594		155338		12532
15		593		153714		12025
16		599		201267		11449
17		545		175914		11038
18		564		254805		13334
19		464		186426		11516
20		376		119096		9934

The accuracy on test data using the Bernoulli with stop word:    0.6299800133244504
143    	3    	1    	5	18    	0    	38    	5    	14    	10    	0    	1    	6    	7    	3    	56    	1    	4    	2    	1    
0    	206    	12   	20	15    	14    	94    	2    	0    	0    	0    	12    	5    	1    	5    	2    	0    	1   	0    	0    
0    	9    	221    	57    	13    	11    	52    	1    	1   	1    	0    	12    	2    	0    	3    	6    	0    	0    	1    	1    
0    	1    	12    	281    	16    	2    	57    	1    	0    	0    	0    	4    	18    	0    	0    	0    	0    	0    	0    	0    
0    	1    	5    	22    	270    	0    	70    	2    	0    	0    	0    	3    	7    	0    	3    	0    	0    	0    	0    	0    
0    	45   	34    	17    	12    	210    	63    	1    	0    	0    	0    	5    	2    	1    	0    	0    	0    	0    	0    	0    
0    	1    	1    	13    	0    	1    	349    	9    	0    	0    	0    	1    	5    	0    	0    	0    	2    	0    	0    	0    
0    	2    	1    	5    	9    	0    	72    	283    	8    	0    	0    	0    	12    	0    	1    	0    	1    	0    	1    	0    
0    	1    	0    	0    	4    	0    	34    	12    	341    	1    	0    	1    	0    	0    	0    	0    	1    	1   	1    	0    
1    	1    	0    	0    	2    	0    	52    	0    	0   	329    	1    	0    	1    	0    	0    	7    	1    	0   	2    	0    
0    	0    	0    	1    	2    	0    	51    	0    	2    	26    	309    	1    	3    	0    	0    	4    	0    	0    	0    	0    
0    	14    	3    	13    	34    	1    	58    	0    	4    	1    	1    	247    	12    	0    	1    	2    	3    	0    	1    	0    
0    	11    	5    	29    	18    	0    	79    	6    	2    	0    	0    	16    	223    	3    	0    	0    	1    	0    	0    	0    
0    	7    	1    	7    	36    	0    	90    	5    	15    	1    	0    	0    	22    	191    	1    	11    	1    	1    	4    	0    
0    	14    	1    	1    	10    	4    	55    	11    	3    	0    	0    	3    	29    	2    	253    	2    	2    	0    	2    	0    
1    	5    	0    	7    	18    	0    	49    	0    	3    	6    	0    	0    	4    	0    	0    	303    	1    	0    	1    	0    
0    	0    	1    	2    	15    	1    	43    	20    	15    	9    	0    	3    	12    	1    	2    	3    	237    	0    	0    	0    
1    	2    	1    	1    	19    	0    	43    	5    	13    	17    	0    	2    	3    	1    	0    	25    	5    	236    	2    	0    
2    	3    	1    	7    	22    	0    	35    	19    	13    	15    	0    	2    	10    	5    	10    	13    	66    	0    	87    	0    
26    	2    	2    	10    	16    	0    	36    	5    	9    	10    	0    	1    	3    	5    	3    	90    	21    	2    	1    	9

The accuracy on test data using the Bernoulli without stop word:    0.6586275816122584
145    	3    	1    	7    	16    	0    	32    	9    	13    	9    	0    	1    	4    	7    	2    	62    	1    	4    	0    	2    
0    	214    	20    	25    	25    	16    	68    	0    	0    	0    	0    	6    	7    	0    	5    	2   	0    	1    	0    	0    
0    	9    	238    	65    	15    	11    	36    	1    	1    	2    	0    	4    	3    	0    	3    	2    	0    	0    	1    	0    
0    	1    	14    	308    	18    	2    	3	0    	0    	0    	0    	0    	3    	16    	0    	0    	0    	0    	0    	0
0    	1    	5    	22    	303    	0    	38    	2    	0    	0    	0    	2    	8    	0    	2    	0    	0    	0    	0    	0    
0    	41    	40    	19    	18    	219    	48    	0    	0    	1    	0    	1    	2    	0    	1    	0    	0    	0    	0    	0    
0    	1    	2    	18    	4    	1    	347    	4    	1    	0    	0    	0    	4    	0    	0    	0    	0    	0    	0    	0    
0    	2    	1    	7    	4    	0    	64    	295    	8    	0    	0    	0    	13    	0    	1    	0    	0    	0    	0    	0    
0    	0    	0    	0    	4    	1    	24    	11    	355    	0    	0    	0    	0    	0    	0    	0    	1    	0    	1    	0    
1    	1    	0    	0    	0    	0    	43    	1    	0    	349    	1    	0    	0    	0    	0    	0    	0    	0    	1    	0    
0    	0    	1    	2    	5    	0    	32    	0    	3    	27    	324    	1    	2    	0    	0    	1    	1    	0    	0    	0    
0    	12    	4    	16    	32    	1    	43    	2    	2    	1    	1    	259    	18    	0    	1    	2    	0    	0    	1    	0    
0    	12    	10    	40    	15    	0    	60    	6    	4    	0    	0    	8    	234    	2    	2    	0    	0    	0    	0    	0    
0    	7    	1    	5    	27    	0    	91    	9    	14    	2    	0    	0    	26    	197    	2    	7    	1    	1    	3    	0    
0    	11    	2    	6    	15    	1    	46    	9    	2    	1    	0    	1    	28    	3    	261    	2    	2    	0    	2    	0    
1    	1    	3    	7    	12    	0    	51    	0    	0    	3    	0    	0    	1    	0    	0    	317    	0    	0    	1    	1    
0    	1    	3    	6    	12    	0    	42    	18    	12    	6    	0    	3    	14    	2    	1    	3    	241    	0    	0    	0    
2    	1    	1    	5    	19    	0    	39    	6    	11    	16    	0    	3    	1    	1    	0    	26    	3    	240    	2    	0    
1    	2    	3    	9    	24    	0    	29    	16    	12    	16    	0    	2    	8    	4    	11    	16    	70    	0    	87    	0    
28   	6    	4    	11    	15    	0    	25    	5    	10    	11    	0    	0    	5    	5    	4    	88    	21    	2    	1    	10

The accuracy on test data using the Multinominal with stopwords:    0.7873417721518987
246     0       0       0       0       1       0       0       1       0       1       1       2       4       3       33      4       7       5       10
4       296     6       13      10      20      1       2       1       0       0       14      6       2       8       4       0       0       2       0
2       36      201     59      13      35      0       4       2       3       1       13      2       2       5       4       0       0       9       0
0       9       15      305     20      2       4       7       0       0       1       4       23      0       1       0       0       0       1       0
0       10      9       33      275     1       3       9       0       1       0       6       16      7       6       0       3       0       4       0
0       43      11      9       2       302     1       0       1       1       0       10      0       3       3       0       2       0       2       0
0       8       3       44      15      0       255     27      3       1       1       2       10      1       2       3       2       2       3       0
0       2       0       1       0       1       7       350     10      1       0       1       4       0       2       1       6       1       8       0
0       2       0       0       0       0       2       23      359     2       0       0       0       1       0       1       5       0       2       0
2       2       0       1       1       2       3       3       1       358     11      2       3       1       0       1       1       0       5       0
2       0       0       0       0       0       1       1       1       5       380     1       1       2       0       0       2       0       3       0
0       4       1       1       2       1       1       0       1       0       0       359     3       1       1       1       11      0       8       0
2       19      1       23      10      2       1       13      4       0       0       40      261     6       4       4       1       1       0       1
9       8       1       2       0       0       0       5       1       0       0       2       3       327     4       13      6       5       7       0
2       11      0       0       0       0       0       0       0       0       1       1       4       3       343     3       2       1       20      1
9       2       0       1       1       1       0       0       0       0       0       0       1       1       1       372     2       2       2       3
1       0       0       0       0       0       1       2       1       1       1       4       1       3       1       2       331     1       11      3
16      2       0       0       0       0       0       2       1       1       1       3       0       0       1       6       6       314     22      1
7       2       0       0       0       0       0       1       0       0       0       4       0       2       7       1       95      5       182     4
53      4       0       0       0       0       0       0       1       1       0       0       0       3       5       59      19      4       9       93

The accuracy on test data using the Multinominal without stopwords:    0.8061292471685543
249     1       0       0       0       1       2       0       5       0       1       1       0       6       5       11      6       4       5       21
0       309     9       10      11      20      6       0       0       0       0       10      3       1       9       0       0       0       0       1
1       37      242     46      12      19      9       0       0       5       2       4       1       2       5       0       0       0       4       2
0       10      17      301     22      2       11      1       1       0       1       2       22      0       2       0       0       0       0       0
0       13      11      25      287     1       16      3       0       2       0       2       14      3       5       0       1       0       0       0
0       54      19      4       3       295     3       1       1       1       0       3       0       1       4       0       1       0       0       0
0       3       4       28      8       0       318     9       4       0       1       0       4       1       1       0       0       0       1       0
0       3       0       0       0       0       13      342     15      1       0       1       8       0       3       1       3       0       5       0
0       0       0       0       0       0       3       12      375     3       0       0       1       1       0       0       1       0       1       0
1       1       1       0       0       0       11      0       2       356     16      2       0       1       3       1       1       0       1       0
0       1       0       0       0       0       1       0       1       2       389     1       1       1       0       0       1       0       1       0
0       7       4       1       3       1       2       0       1       0       0       353     5       1       2       0       9       0       6       0
1       26      8       29      9       2       14      8       12      0       1       16      254     4       9       0       0       0       0       0
4       10      2       2       1       0       6       6       5       1       0       1       4       328     8       1       6       2       4       2
2       10      0       1       0       1       1       0       0       0       1       1       3       3       357     0       1       1       9       1
12      3       1       1       0       1       4       0       1       0       0       1       2       4       3       347     4       0       4       10
1       0       0       0       1       0       3       2       2       0       1       5       0       3       2       1       327     2       10      4
18      1       0       0       0       0       1       2       2       1       1       4       0       0       1       1       6       313     23      2
7       2       0       0       1       0       0       1       2       3       0       4       0       1       8       1       98      2       176     4
41      4       0       1       0       0       0       1       0       1       0       0       1       3       10      30      16      4       7       132
